[gd_scene load_steps=5 format=2]

[ext_resource path="res://steering.gd" type="Script" id=1]
[ext_resource path="res://ship.gd" type="Script" id=2]

[sub_resource type="CylinderMesh" id=1]
top_radius = 0.057
bottom_radius = 0.345
height = 0.847
radial_segments = 4

[sub_resource type="CubeMesh" id=2]
size = Vector3( 0.218, 0.209, 1.521 )

[node name="ship" type="Spatial"]
script = ExtResource( 2 )

[node name="steering" type="Spatial" parent="."]
script = ExtResource( 1 )

[node name="casts" type="Spatial" parent="steering"]

[node name="1" type="RayCast" parent="steering/casts"]
transform = Transform( 2.98023e-08, 0.5, 0.866025, -0.5, 0.75, -0.433013, -0.866025, -0.433013, 0.25, 0, 0, 0 )
enabled = true
cast_to = Vector3( 0, -5, 0 )

[node name="2" type="RayCast" parent="steering/casts"]
transform = Transform( 0.5, 0.433013, 0.75, -0.433013, 0.875, -0.216506, -0.75, -0.216506, 0.625, 0, 0, 0 )
enabled = true
cast_to = Vector3( 0, -5, 0 )

[node name="3" type="RayCast" parent="steering/casts"]
transform = Transform( 0.866025, 0.25, 0.433013, -0.25, 0.966506, -0.0580127, -0.433013, -0.0580127, 0.899519, 0, 0, 0 )
enabled = true
cast_to = Vector3( 0, -5, 0 )

[node name="4" type="RayCast" parent="steering/casts"]
transform = Transform( 1, -1.49012e-08, 2.98023e-08, 2.98023e-08, 1, -2.98023e-08, 5.16191e-08, -2.98023e-08, 1, 0, 0, 0 )
enabled = true
cast_to = Vector3( 0, -5, 0 )

[node name="5" type="RayCast" parent="steering/casts"]
transform = Transform( 0.866025, -0.25, -0.433013, 0.25, 0.966506, -0.0580127, 0.433013, -0.0580127, 0.899519, 0, 0, 0 )
enabled = true
cast_to = Vector3( 0, -5, 0 )

[node name="8" type="RayCast" parent="steering/casts"]
transform = Transform( 0.5, -0.433013, -0.75, 0.433013, 0.875, -0.216506, 0.75, -0.216506, 0.625, 0, 0, 0 )
enabled = true
cast_to = Vector3( 0, -5, 0 )

[node name="7" type="RayCast" parent="steering/casts"]
transform = Transform( -1.19209e-07, -0.5, -0.866025, 0.5, 0.75, -0.433013, 0.866025, -0.433013, 0.25, 0, 0, 0 )
enabled = true
cast_to = Vector3( 0, -5, 0 )

[node name="6" type="RayCast" parent="steering/casts"]
transform = Transform( 7.54979e-08, 0.866025, 0.5, 0, 0.5, -0.866025, -1, 6.53831e-08, 3.77489e-08, 0, 0, 0 )
enabled = true
cast_to = Vector3( 0, -5, 0 )

[node name="9" type="RayCast" parent="steering/casts"]
transform = Transform( 0.5, 0.75, 0.433013, 0, 0.5, -0.866025, -0.866025, 0.433013, 0.25, 0, 0, 0 )
enabled = true
cast_to = Vector3( 0, -5, 0 )

[node name="10" type="RayCast" parent="steering/casts"]
transform = Transform( 0.866025, 0.433013, 0.25, 0, 0.5, -0.866025, -0.5, 0.75, 0.433013, 0, 0, 0 )
enabled = true
cast_to = Vector3( 0, -5, 0 )

[node name="11" type="RayCast" parent="steering/casts"]
transform = Transform( 1, -5.16191e-08, -2.98023e-08, 0, 0.5, -0.866025, 5.96046e-08, 0.866025, 0.5, 0, 0, 0 )
enabled = true
cast_to = Vector3( 0, -5, 0 )

[node name="12" type="RayCast" parent="steering/casts"]
transform = Transform( 0.866025, -0.433013, -0.25, 0, 0.5, -0.866025, 0.5, 0.75, 0.433013, 0, 0, 0 )
enabled = true
cast_to = Vector3( 0, -5, 0 )

[node name="13" type="RayCast" parent="steering/casts"]
transform = Transform( 0.5, -0.75, -0.433013, 0, 0.5, -0.866025, 0.866025, 0.433013, 0.25, 0, 0, 0 )
enabled = true
cast_to = Vector3( 0, -5, 0 )

[node name="14" type="RayCast" parent="steering/casts"]
transform = Transform( -4.37114e-08, -0.866025, -0.5, 0, 0.5, -0.866025, 1, -3.78552e-08, -2.18557e-08, 0, 0, 0 )
enabled = true
cast_to = Vector3( 0, -5, 0 )

[node name="15" type="RayCast" parent="steering/casts"]
transform = Transform( 7.54979e-08, 1, -4.37114e-08, 0, -4.37114e-08, -1, -1, 7.54979e-08, -3.30012e-15, 0, 0, 0 )
enabled = true
cast_to = Vector3( 0, -5, 0 )

[node name="16" type="RayCast" parent="steering/casts"]
transform = Transform( 0.5, 0.866025, -3.78552e-08, 0, -4.37114e-08, -1, -0.866025, 0.5, -2.18557e-08, 0, 0, 0 )
enabled = true
cast_to = Vector3( 0, -5, 0 )

[node name="17" type="RayCast" parent="steering/casts"]
transform = Transform( 0.866025, 0.5, -2.18557e-08, 0, -4.37114e-08, -1, -0.5, 0.866025, -3.78552e-08, 0, 0, 0 )
enabled = true
cast_to = Vector3( 0, -5, 0 )

[node name="18" type="RayCast" parent="steering/casts"]
transform = Transform( 1, -5.96046e-08, 2.6054e-15, 0, -4.37114e-08, -1, 5.96046e-08, 1, -4.37114e-08, 0, 0, 0 )
enabled = true
cast_to = Vector3( 0, -8, 0 )

[node name="19" type="RayCast" parent="steering/casts"]
transform = Transform( 0.866025, -0.5, 2.18557e-08, 0, -4.37114e-08, -1, 0.5, 0.866025, -3.78552e-08, 0, 0, 0 )
enabled = true
cast_to = Vector3( 0, -5, 0 )

[node name="20" type="RayCast" parent="steering/casts"]
transform = Transform( 0.5, -0.866025, 3.78552e-08, 0, -4.37114e-08, -1, 0.866025, 0.5, -2.18557e-08, 0, 0, 0 )
enabled = true
cast_to = Vector3( 0, -5, 0 )

[node name="21" type="RayCast" parent="steering/casts"]
transform = Transform( -4.37114e-08, -1, 4.37114e-08, 0, -4.37114e-08, -1, 1, -4.37114e-08, 1.91069e-15, 0, 0, 0 )
enabled = true
cast_to = Vector3( 0, -5, 0 )

[node name="22" type="RayCast" parent="steering/casts"]
transform = Transform( 1.19422e-07, 0.866025, -0.5, -4.37114e-08, -0.5, -0.866025, -1, 1.25278e-07, -2.18557e-08, 0, 0, 0 )
enabled = true
cast_to = Vector3( 0, -5, 0 )

[node name="23" type="RayCast" parent="steering/casts"]
transform = Transform( 0.5, 0.75, -0.433013, -4.37114e-08, -0.5, -0.866025, -0.866025, 0.433013, -0.25, 0, 0, 0 )
enabled = true
cast_to = Vector3( 0, -5, 0 )

[node name="24" type="RayCast" parent="steering/casts"]
transform = Transform( 0.866025, 0.433012, -0.25, -4.37114e-08, -0.5, -0.866025, -0.5, 0.75, -0.433013, 0, 0, 0 )
enabled = true
cast_to = Vector3( 0, -5, 0 )

[node name="25" type="RayCast" parent="steering/casts"]
transform = Transform( 1, -2.18189e-07, 7.54979e-08, -4.37114e-08, -0.5, -0.866025, 2.26706e-07, 0.866025, -0.5, 0, 0, 0 )
enabled = true
cast_to = Vector3( 0, -5, 0 )

[node name="26" type="RayCast" parent="steering/casts"]
transform = Transform( 0.866025, -0.433013, 0.25, -4.37114e-08, -0.5, -0.866025, 0.5, 0.75, -0.433013, 0, 0, 0 )
enabled = true
cast_to = Vector3( 0, -5, 0 )

[node name="27" type="RayCast" parent="steering/casts"]
transform = Transform( 0.5, -0.75, 0.433013, -4.37114e-08, -0.5, -0.866025, 0.866025, 0.433012, -0.25, 0, 0, 0 )
enabled = true
cast_to = Vector3( 0, -5, 0 )

[node name="28" type="RayCast" parent="steering/casts"]
transform = Transform( -1.51208e-07, -0.866025, 0.5, -4.37114e-08, -0.5, -0.866025, 1, -1.52806e-07, 3.77489e-08, 0, 0, 0 )
enabled = true
cast_to = Vector3( 0, -5, 0 )

[node name="29" type="RayCast" parent="steering/casts"]
transform = Transform( 1.19209e-07, 0.5, -0.866025, -1.30766e-07, -0.866025, -0.5, -1, 1.72851e-07, -3.78552e-08, 0, 0, 0 )
enabled = true
cast_to = Vector3( 0, -5, 0 )

[node name="30" type="RayCast" parent="steering/casts"]
transform = Transform( 0.5, 0.433013, -0.75, -1.30766e-07, -0.866025, -0.5, -0.866025, 0.25, -0.433013, 0, 0, 0 )
enabled = true
cast_to = Vector3( 0, -5, 0 )

[node name="31" type="RayCast" parent="steering/casts"]
transform = Transform( 0.866026, 0.25, -0.433012, -1.30766e-07, -0.866025, -0.5, -0.499999, 0.433013, -0.75, 0, 0, 0 )
enabled = true
cast_to = Vector3( 0, -5, 0 )

[node name="32" type="RayCast" parent="steering/casts"]
transform = Transform( 1, -2.26494e-07, 1.30766e-07, -1.30766e-07, -0.866025, -0.5, 2.26494e-07, 0.5, -0.866025, 0, 0, 0 )
enabled = true
cast_to = Vector3( 0, -5, 0 )

[node name="33" type="RayCast" parent="steering/casts"]
transform = Transform( 0.866025, -0.25, 0.433013, -1.30766e-07, -0.866025, -0.5, 0.5, 0.433013, -0.75, 0, 0, 0 )
enabled = true
cast_to = Vector3( 0, -5, 0 )

[node name="34" type="RayCast" parent="steering/casts"]
transform = Transform( 0.499999, -0.433013, 0.75, -1.30766e-07, -0.866025, -0.5, 0.866026, 0.25, -0.433012, 0, 0, 0 )
enabled = true
cast_to = Vector3( 0, -5, 0 )

[node name="35" type="RayCast" parent="steering/casts"]
transform = Transform( -1.50996e-07, -0.5, 0.866025, -1.30766e-07, -0.866025, -0.5, 1, -1.88745e-07, 6.53831e-08, 0, 0, 0 )
enabled = true
cast_to = Vector3( 0, -5, 0 )

[node name="dirs" type="Spatial" parent="steering"]

[node name="Position3D" type="Position3D" parent="steering/dirs"]
transform = Transform( 2.98023e-08, 0.5, 0.866025, -0.5, 0.75, -0.433013, -0.866025, -0.433013, 0.25, -1, -1.5, 0.866025 )

[node name="Position3D2" type="Position3D" parent="steering/dirs"]
transform = Transform( 0.5, 0.433013, 0.75, -0.433013, 0.875, -0.216506, -0.75, -0.216506, 0.625, -0.866025, -1.75, 0.433013 )

[node name="Position3D3" type="Position3D" parent="steering/dirs"]
transform = Transform( 0.866025, 0.25, 0.433013, -0.25, 0.966506, -0.0580127, -0.433013, -0.0580127, 0.899519, -0.5, -1.93301, 0.116025 )

[node name="Position3D4" type="Position3D" parent="steering/dirs"]
transform = Transform( 1, -1.49012e-08, 2.98023e-08, 2.98023e-08, 1, -2.98023e-08, 5.16191e-08, -2.98023e-08, 1, 2.98023e-08, -2, 5.96046e-08 )

[node name="Position3D5" type="Position3D" parent="steering/dirs"]
transform = Transform( 0.866025, -0.25, -0.433013, 0.25, 0.966506, -0.0580127, 0.433013, -0.0580127, 0.899519, 0.5, -1.93301, 0.116025 )

[node name="Position3D6" type="Position3D" parent="steering/dirs"]
transform = Transform( 0.5, -0.433013, -0.75, 0.433013, 0.875, -0.216506, 0.75, -0.216506, 0.625, 0.866025, -1.75, 0.433013 )

[node name="Position3D7" type="Position3D" parent="steering/dirs"]
transform = Transform( -1.19209e-07, -0.5, -0.866025, 0.5, 0.75, -0.433013, 0.866025, -0.433013, 0.25, 1, -1.5, 0.866025 )

[node name="Position3D8" type="Position3D" parent="steering/dirs"]
transform = Transform( 7.54979e-08, 0.866025, 0.5, 0, 0.5, -0.866025, -1, 6.53831e-08, 3.77489e-08, -1.73205, -1, -1.30766e-07 )

[node name="Position3D9" type="Position3D" parent="steering/dirs"]
transform = Transform( 0.5, 0.75, 0.433013, 0, 0.5, -0.866025, -0.866025, 0.433013, 0.25, -1.5, -1, -0.866025 )

[node name="Position3D10" type="Position3D" parent="steering/dirs"]
transform = Transform( 0.866025, 0.433013, 0.25, 0, 0.5, -0.866025, -0.5, 0.75, 0.433013, -0.866025, -1, -1.5 )

[node name="Position3D11" type="Position3D" parent="steering/dirs"]
transform = Transform( 1, -5.16191e-08, -2.98023e-08, 0, 0.5, -0.866025, 5.96046e-08, 0.866025, 0.5, 1.03238e-07, -1, -1.73205 )

[node name="Position3D12" type="Position3D" parent="steering/dirs"]
transform = Transform( 0.866025, -0.433013, -0.25, 0, 0.5, -0.866025, 0.5, 0.75, 0.433013, 0.866025, -1, -1.5 )

[node name="Position3D13" type="Position3D" parent="steering/dirs"]
transform = Transform( 0.5, -0.75, -0.433013, 0, 0.5, -0.866025, 0.866025, 0.433013, 0.25, 1.5, -1, -0.866025 )

[node name="Position3D14" type="Position3D" parent="steering/dirs"]
transform = Transform( -4.37114e-08, -0.866025, -0.5, 0, 0.5, -0.866025, 1, -3.78552e-08, -2.18557e-08, 1.73205, -1, 7.57103e-08 )

[node name="Position3D15" type="Position3D" parent="steering/dirs"]
transform = Transform( 7.54979e-08, 1, -4.37114e-08, 0, -4.37114e-08, -1, -1, 7.54979e-08, -3.30012e-15, -2, 8.74228e-08, -1.50996e-07 )

[node name="Position3D16" type="Position3D" parent="steering/dirs"]
transform = Transform( 0.5, 0.866025, -3.78552e-08, 0, -4.37114e-08, -1, -0.866025, 0.5, -2.18557e-08, -1.73205, 8.74228e-08, -1 )

[node name="Position3D17" type="Position3D" parent="steering/dirs"]
transform = Transform( 0.866025, 0.5, -2.18557e-08, 0, -4.37114e-08, -1, -0.5, 0.866025, -3.78552e-08, -1, 8.74228e-08, -1.73205 )

[node name="Position3D18" type="Position3D" parent="steering/dirs"]
transform = Transform( 1, -5.96046e-08, 2.6054e-15, 0, -4.37114e-08, -1, 5.96046e-08, 1, -4.37114e-08, 1.19209e-07, 8.74228e-08, -2 )

[node name="Position3D19" type="Position3D" parent="steering/dirs"]
transform = Transform( 0.866025, -0.5, 2.18557e-08, 0, -4.37114e-08, -1, 0.5, 0.866025, -3.78552e-08, 1, 8.74228e-08, -1.73205 )

[node name="Position3D20" type="Position3D" parent="steering/dirs"]
transform = Transform( 0.5, -0.866025, 3.78552e-08, 0, -4.37114e-08, -1, 0.866025, 0.5, -2.18557e-08, 1.73205, 8.74228e-08, -1 )

[node name="Position3D21" type="Position3D" parent="steering/dirs"]
transform = Transform( -4.37114e-08, -1, 4.37114e-08, 0, -4.37114e-08, -1, 1, -4.37114e-08, 1.91069e-15, 2, 8.74228e-08, 8.74228e-08 )

[node name="Position3D22" type="Position3D" parent="steering/dirs"]
transform = Transform( 1.19422e-07, 0.866025, -0.5, -4.37114e-08, -0.5, -0.866025, -1, 1.25278e-07, -2.18557e-08, -1.73205, 1, -2.50556e-07 )

[node name="Position3D23" type="Position3D" parent="steering/dirs"]
transform = Transform( 0.5, 0.75, -0.433013, -4.37114e-08, -0.5, -0.866025, -0.866025, 0.433013, -0.25, -1.5, 1, -0.866026 )

[node name="Position3D24" type="Position3D" parent="steering/dirs"]
transform = Transform( 0.866025, 0.433012, -0.25, -4.37114e-08, -0.5, -0.866025, -0.5, 0.75, -0.433013, -0.866025, 1, -1.5 )

[node name="Position3D25" type="Position3D" parent="steering/dirs"]
transform = Transform( 1, -2.18189e-07, 7.54979e-08, -4.37114e-08, -0.5, -0.866025, 2.26706e-07, 0.866025, -0.5, 4.36378e-07, 1, -1.73205 )

[node name="Position3D26" type="Position3D" parent="steering/dirs"]
transform = Transform( 0.866025, -0.433013, 0.25, -4.37114e-08, -0.5, -0.866025, 0.5, 0.75, -0.433013, 0.866026, 1, -1.5 )

[node name="Position3D27" type="Position3D" parent="steering/dirs"]
transform = Transform( 0.5, -0.75, 0.433013, -4.37114e-08, -0.5, -0.866025, 0.866025, 0.433012, -0.25, 1.5, 1, -0.866025 )

[node name="Position3D28" type="Position3D" parent="steering/dirs"]
transform = Transform( -1.51208e-07, -0.866025, 0.5, -4.37114e-08, -0.5, -0.866025, 1, -1.52806e-07, 3.77489e-08, 1.73205, 1, 3.05612e-07 )

[node name="Position3D29" type="Position3D" parent="steering/dirs"]
transform = Transform( 1.19209e-07, 0.5, -0.866025, -1.30766e-07, -0.866025, -0.5, -1, 1.72851e-07, -3.78552e-08, -1, 1.73205, -3.45703e-07 )

[node name="Position3D30" type="Position3D" parent="steering/dirs"]
transform = Transform( 0.5, 0.433013, -0.75, -1.30766e-07, -0.866025, -0.5, -0.866025, 0.25, -0.433013, -0.866025, 1.73205, -0.5 )

[node name="Position3D31" type="Position3D" parent="steering/dirs"]
transform = Transform( 0.866026, 0.25, -0.433012, -1.30766e-07, -0.866025, -0.5, -0.499999, 0.433013, -0.75, -0.499999, 1.73205, -0.866026 )

[node name="Position3D32" type="Position3D" parent="steering/dirs"]
transform = Transform( 1, -2.26494e-07, 1.30766e-07, -1.30766e-07, -0.866025, -0.5, 2.26494e-07, 0.5, -0.866025, 4.52987e-07, 1.73205, -1 )

[node name="Position3D33" type="Position3D" parent="steering/dirs"]
transform = Transform( 0.866025, -0.25, 0.433013, -1.30766e-07, -0.866025, -0.5, 0.5, 0.433013, -0.75, 0.5, 1.73205, -0.866025 )

[node name="Position3D34" type="Position3D" parent="steering/dirs"]
transform = Transform( 0.499999, -0.433013, 0.75, -1.30766e-07, -0.866025, -0.5, 0.866026, 0.25, -0.433012, 0.866026, 1.73205, -0.499999 )

[node name="Position3D35" type="Position3D" parent="steering/dirs"]
transform = Transform( -1.50996e-07, -0.5, 0.866025, -1.30766e-07, -0.866025, -0.5, 1, -1.88745e-07, 6.53831e-08, 1, 1.73205, 3.77489e-07 )

[node name="point" type="MeshInstance" parent="."]
transform = Transform( 1, 0, 0, 0, -4.37114e-08, 1, 0, -1, -4.37114e-08, 0, 0, -0.962517 )
mesh = SubResource( 1 )
material/0 = null

[node name="MeshInstance" type="MeshInstance" parent="."]
mesh = SubResource( 2 )
material/0 = null
